Initial Tableau
--------------------
[[  1  -3  -2   0   0   0   0]
 [  0   2   1   1   0   0 100]
 [  0   1   1   0   1   0  80]
 [  0   1   0   0   0   1  40]]



Pivot Column: 1
Ratio List: [10000000000, 50.0, 80.0, 40.0]
Pivot Row: 3
[[   1.    0.   -2.    0.    0.    3.  120.]
 [   0.    0.    1.    1.    0.   -2.   20.]
 [   0.    0.    1.    0.    1.   -1.   40.]
 [   0.    1.    0.    0.    0.    1.   40.]]



Pivot Column: 2
Ratio List: [10000000000, 20.0, 40.0, 10000000000]
Pivot Row: 1
[[   1.    0.    0.    2.    0.   -1.  160.]
 [   0.    0.    1.    1.    0.   -2.   20.]
 [   0.    0.    0.   -1.    1.    1.   20.]
 [   0.    1.    0.    0.    0.    1.   40.]]



Pivot Column: 5
Ratio List: [10000000000, 10000000000, 20.0, 40.0]
Pivot Row: 2
[[   1.    0.    0.    1.    1.    0.  180.]
 [   0.    0.    1.   -1.    2.    0.   60.]
 [   0.    0.    0.   -1.    1.    1.   20.]
 [   0.    1.    0.    1.   -1.    0.   20.]]



Another Cases
Initial Tableau
--------------------
[[  1.  -60.  -35.  -20.    0.    0.    0.    0.    0. ]
 [  0.    8.    6.    1.    1.    0.    0.    0.   48. ]
 [  0.    4.    2.    1.5   0.    1.    0.    0.   20. ]
 [  0.    2.    1.5   0.5   0.    0.    1.    0.    8. ]
 [  0.    0.    1.    0.    0.    0.    0.    1.    5. ]]



Pivot Column: 1
Ratio List: [10000000000, 6.0, 5.0, 4.0, 10000000000]
Pivot Row: 3
[[   1.      0.     10.     -5.      0.      0.     30.      0.    240.  ]
 [   0.      0.      0.     -1.      1.      0.     -4.      0.     16.  ]
 [   0.      0.     -1.      0.5     0.      1.     -2.      0.      4.  ]
 [   0.      1.      0.75    0.25    0.      0.      0.5     0.      4.  ]
 [   0.      0.      1.      0.      0.      0.      0.      1.      5.  ]]



Pivot Column: 3
Ratio List: [10000000000, 10000000000, 8.0, 16.0, 10000000000]
Pivot Row: 2
[[   1.      0.      0.      0.      0.     10.     10.      0.    280.  ]
 [   0.      0.     -2.      0.      1.      2.     -8.      0.     24.  ]
 [   0.      0.     -2.      1.      0.      2.     -4.      0.      8.  ]
 [   0.      1.      1.25    0.      0.     -0.5     1.5     0.      2.  ]
 [   0.      0.      1.      0.      0.      0.      0.      1.      5.  ]]



